291
0
253
2
235
3
120
6
128
5
289
3
105
0
292
8
189
6
117
0
287
6
100
9
163
3
166
8
76
5
18
3
155
5
218
4
138
9
248
8
133
4
60
6
32
3
65
2
94
7
231
9
150
4
90
7
168
3
72
2
258
9
95
7
249
7
274
6
137
4
5
2
31
1
83
8
76
7
161
8
86
5
93
7
234
1
259
5
200
1
50
8
103
4
59
1
269
2
52
7
225
4
256
8
109
6
91
1
38
7
148
1
45
5
204
5
177
9
229
7
274
1
213
3
232
6
210
0
108
7
266
8
142
4
141
0
70
2
128
0
296
5
81
8
274
8
63
9
253
6
141
0
11
0
214
1
294
9
107
2
244
2
285
7
195
6
10
3
265
2
159
5
162
6
88
6
271
0
117
2
272
1
179
4
71
0
250
3
218
8
135
4
111
4
269
4
42
9
231
5
